(kicad_pcb (version 20171130) (host pcbnew 5.1.5+dfsg1-2build2)

  (general
    (thickness 1.6)
    (drawings 26)
    (tracks 202)
    (zones 0)
    (modules 30)
    (nets 41)
  )

  (page D)
  (layers
    (0 F.Cu signal)
    (31 B.Cu signal)
    (32 B.Adhes user hide)
    (33 F.Adhes user hide)
    (34 B.Paste user hide)
    (35 F.Paste user hide)
    (36 B.SilkS user)
    (37 F.SilkS user)
    (38 B.Mask user hide)
    (39 F.Mask user hide)
    (40 Dwgs.User user)
    (41 Cmts.User user)
    (42 Eco1.User user)
    (43 Eco2.User user)
    (44 Edge.Cuts user)
    (45 Margin user)
    (46 B.CrtYd user hide)
    (47 F.CrtYd user hide)
    (48 B.Fab user hide)
    (49 F.Fab user hide)
  )

  (setup
    (last_trace_width 0.25)
    (user_trace_width 0.4)
    (user_trace_width 0.5)
    (user_trace_width 1)
    (user_trace_width 2)
    (trace_clearance 0.2)
    (zone_clearance 0.508)
    (zone_45_only no)
    (trace_min 0.2)
    (via_size 0.8)
    (via_drill 0.4)
    (via_min_size 0.4)
    (via_min_drill 0.3)
    (uvia_size 0.3)
    (uvia_drill 0.1)
    (uvias_allowed no)
    (uvia_min_size 0.2)
    (uvia_min_drill 0.1)
    (edge_width 0.05)
    (segment_width 0.2)
    (pcb_text_width 0.3)
    (pcb_text_size 1.5 1.5)
    (mod_edge_width 0.12)
    (mod_text_size 1 1)
    (mod_text_width 0.15)
    (pad_size 1.7 1.7)
    (pad_drill 1)
    (pad_to_mask_clearance 0.051)
    (aux_axis_origin 0 0)
    (grid_origin 206.913728 54.758995)
    (visible_elements 7FFFFFEF)
    (pcbplotparams
      (layerselection 0x010fc_ffffffff)
      (usegerberextensions true)
      (usegerberattributes false)
      (usegerberadvancedattributes false)
      (creategerberjobfile false)
      (excludeedgelayer true)
      (linewidth 0.100000)
      (plotframeref false)
      (viasonmask false)
      (mode 1)
      (useauxorigin false)
      (hpglpennumber 1)
      (hpglpenspeed 20)
      (hpglpendiameter 15.000000)
      (psnegative false)
      (psa4output false)
      (plotreference true)
      (plotvalue true)
      (plotinvisibletext false)
      (padsonsilk false)
      (subtractmaskfromsilk false)
      (outputformat 1)
      (mirror false)
      (drillshape 0)
      (scaleselection 1)
      (outputdirectory "Gerbers/"))
  )

  (net 0 "")
  (net 1 VCC)
  (net 2 SCL)
  (net 3 SDA)
  (net 4 /RST)
  (net 5 "Net-(U1-Pad1)")
  (net 6 /UsbD+)
  (net 7 /UsbD-)
  (net 8 GND)
  (net 9 "Net-(USB1-PadB8)")
  (net 10 "Net-(USB1-PadA8)")
  (net 11 "Net-(U1-Pad25)")
  (net 12 "Net-(U1-Pad26)")
  (net 13 "Net-(U1-Pad21)")
  (net 14 "Net-(U1-Pad22)")
  (net 15 "Net-(C101-Pad1)")
  (net 16 "Net-(C108-Pad1)")
  (net 17 "Net-(C109-Pad1)")
  (net 18 "Net-(R101-Pad2)")
  (net 19 "Net-(R102-Pad2)")
  (net 20 "Net-(R104-Pad1)")
  (net 21 "Net-(R105-Pad1)")
  (net 22 "Net-(R108-Pad1)")
  (net 23 "Net-(U1-Pad41)")
  (net 24 "Net-(U1-Pad40)")
  (net 25 "Net-(U1-Pad39)")
  (net 26 "Net-(U1-Pad38)")
  (net 27 "Net-(U1-Pad32)")
  (net 28 "Net-(U1-Pad31)")
  (net 29 "Net-(U1-Pad30)")
  (net 30 "Net-(U1-Pad29)")
  (net 31 "Net-(U1-Pad28)")
  (net 32 "Net-(U1-Pad27)")
  (net 33 "Net-(U1-Pad20)")
  (net 34 /SCK)
  (net 35 /MISO)
  (net 36 /MOSI)
  (net 37 /SS2)
  (net 38 /SS1)
  (net 39 "Net-(U1-Pad37)")
  (net 40 "Net-(U1-Pad36)")

  (net_class Default "This is the default net class."
    (clearance 0.2)
    (trace_width 0.25)
    (via_dia 0.8)
    (via_drill 0.4)
    (uvia_dia 0.3)
    (uvia_drill 0.1)
    (add_net /MISO)
    (add_net /MOSI)
    (add_net /RST)
    (add_net /SCK)
    (add_net /SS1)
    (add_net /SS2)
    (add_net /UsbD+)
    (add_net /UsbD-)
    (add_net GND)
    (add_net "Net-(C101-Pad1)")
    (add_net "Net-(C108-Pad1)")
    (add_net "Net-(C109-Pad1)")
    (add_net "Net-(R101-Pad2)")
    (add_net "Net-(R102-Pad2)")
    (add_net "Net-(R104-Pad1)")
    (add_net "Net-(R105-Pad1)")
    (add_net "Net-(R108-Pad1)")
    (add_net "Net-(U1-Pad1)")
    (add_net "Net-(U1-Pad20)")
    (add_net "Net-(U1-Pad21)")
    (add_net "Net-(U1-Pad22)")
    (add_net "Net-(U1-Pad25)")
    (add_net "Net-(U1-Pad26)")
    (add_net "Net-(U1-Pad27)")
    (add_net "Net-(U1-Pad28)")
    (add_net "Net-(U1-Pad29)")
    (add_net "Net-(U1-Pad30)")
    (add_net "Net-(U1-Pad31)")
    (add_net "Net-(U1-Pad32)")
    (add_net "Net-(U1-Pad36)")
    (add_net "Net-(U1-Pad37)")
    (add_net "Net-(U1-Pad38)")
    (add_net "Net-(U1-Pad39)")
    (add_net "Net-(U1-Pad40)")
    (add_net "Net-(U1-Pad41)")
    (add_net "Net-(USB1-PadA8)")
    (add_net "Net-(USB1-PadB8)")
    (add_net SCL)
    (add_net SDA)
    (add_net VCC)
  )

  (module SVastaCustomParts:MomentarySwitch_B3U-1000P (layer F.Cu) (tedit 5FB9C3ED) (tstamp 5FBAD03D)
    (at 319.308728 47.138995 270)
    (path /5D7DD68E)
    (fp_text reference SW1 (at 0 -0.0675 90) (layer F.SilkS) hide
      (effects (font (size 1 1) (thickness 0.15)))
    )
    (fp_text value SW_RST (at 0.5 4.45 90) (layer F.Fab)
      (effects (font (size 1 1) (thickness 0.15)))
    )
    (fp_text user %R (at 0 0 90) (layer F.Fab)
      (effects (font (size 1 1) (thickness 0.15)))
    )
    (pad 2 smd rect (at 1.7 0 90) (size 0.8 1.7) (layers F.Cu F.Paste F.Mask)
      (net 4 /RST))
    (pad 1 smd rect (at -1.7 0 270) (size 0.8 1.7) (layers F.Cu F.Paste F.Mask)
      (net 8 GND))
  )

  (module SVastaCustomParts:SinglePad (layer B.Cu) (tedit 5FB9BE91) (tstamp 5FBA9F46)
    (at 319.943728 52.218995 270)
    (path /5FCEC9B7)
    (fp_text reference RST (at 0 -4.445) (layer B.SilkS) hide
      (effects (font (size 1 1) (thickness 0.15)) (justify left mirror))
    )
    (fp_text value Conn_01x01 (at 0 -2.33 90) (layer B.Fab)
      (effects (font (size 1 1) (thickness 0.15)) (justify mirror))
    )
    (fp_text user %R (at 0 0 180) (layer B.Fab)
      (effects (font (size 1 1) (thickness 0.15)) (justify mirror))
    )
    (pad 1 thru_hole circle (at 0 0 270) (size 1.7 1.7) (drill 1) (layers *.Cu *.Mask)
      (net 4 /RST))
  )

  (module SVastaCustomParts:SinglePad (layer B.Cu) (tedit 5FB9BE91) (tstamp 5FBA752F)
    (at 319.943728 64.918995 270)
    (path /5FCEFB1E)
    (fp_text reference SS1 (at 0 -4.445) (layer B.SilkS) hide
      (effects (font (size 1 1) (thickness 0.15)) (justify left mirror))
    )
    (fp_text value Conn_01x01 (at 0 -2.33 90) (layer B.Fab)
      (effects (font (size 1 1) (thickness 0.15)) (justify mirror))
    )
    (fp_text user %R (at 0 0 180) (layer B.Fab)
      (effects (font (size 1 1) (thickness 0.15)) (justify mirror))
    )
    (pad 1 thru_hole circle (at 0 0 270) (size 1.7 1.7) (drill 1) (layers *.Cu *.Mask)
      (net 38 /SS1))
  )

  (module SVastaCustomParts:SinglePad (layer B.Cu) (tedit 5FB9BE91) (tstamp 5FBAB0D1)
    (at 319.943728 54.758995 270)
    (path /5FCF2C91)
    (fp_text reference SS2 (at 0 -4.445) (layer B.SilkS) hide
      (effects (font (size 1 1) (thickness 0.15)) (justify left mirror))
    )
    (fp_text value Conn_01x01 (at 0 -2.33 90) (layer B.Fab)
      (effects (font (size 1 1) (thickness 0.15)) (justify mirror))
    )
    (fp_text user %R (at 0 0 180) (layer B.Fab)
      (effects (font (size 1 1) (thickness 0.15)) (justify mirror))
    )
    (pad 1 thru_hole circle (at 0 0 270) (size 1.7 1.7) (drill 1) (layers *.Cu *.Mask)
      (net 37 /SS2))
  )

  (module SVastaCustomParts:SinglePad (layer B.Cu) (tedit 5FB9BE91) (tstamp 5FBA7559)
    (at 319.943728 62.378995 270)
    (path /5FCF5DEC)
    (fp_text reference SCK (at 0 -4.445) (layer B.SilkS) hide
      (effects (font (size 1 1) (thickness 0.15)) (justify left mirror))
    )
    (fp_text value Conn_01x01 (at 0 -2.33 90) (layer B.Fab)
      (effects (font (size 1 1) (thickness 0.15)) (justify mirror))
    )
    (fp_text user %R (at 0 0 180) (layer B.Fab)
      (effects (font (size 1 1) (thickness 0.15)) (justify mirror))
    )
    (pad 1 thru_hole circle (at 0 0 270) (size 1.7 1.7) (drill 1) (layers *.Cu *.Mask)
      (net 34 /SCK))
  )

  (module SVastaCustomParts:SinglePad (layer B.Cu) (tedit 5FB9BE91) (tstamp 5FBA756E)
    (at 319.943728 59.838995 270)
    (path /5FCF8F87)
    (fp_text reference MOSI (at 0 -5.715) (layer B.SilkS) hide
      (effects (font (size 1 1) (thickness 0.15)) (justify left mirror))
    )
    (fp_text value Conn_01x01 (at 0 -2.33 90) (layer B.Fab)
      (effects (font (size 1 1) (thickness 0.15)) (justify mirror))
    )
    (fp_text user %R (at 0 0 180) (layer B.Fab)
      (effects (font (size 1 1) (thickness 0.15)) (justify mirror))
    )
    (pad 1 thru_hole circle (at 0 0 270) (size 1.7 1.7) (drill 1) (layers *.Cu *.Mask)
      (net 36 /MOSI))
  )

  (module SVastaCustomParts:SinglePad (layer B.Cu) (tedit 5FB9BE91) (tstamp 5FBA7583)
    (at 319.943728 57.298995 270)
    (path /5FCFC148)
    (fp_text reference MISO (at 0 -5.08) (layer B.SilkS) hide
      (effects (font (size 1 1) (thickness 0.15)) (justify left mirror))
    )
    (fp_text value Conn_01x01 (at 0 -2.33 90) (layer B.Fab)
      (effects (font (size 1 1) (thickness 0.15)) (justify mirror))
    )
    (fp_text user %R (at 0 0 180) (layer B.Fab)
      (effects (font (size 1 1) (thickness 0.15)) (justify mirror))
    )
    (pad 1 thru_hole circle (at 0 0 270) (size 1.7 1.7) (drill 1) (layers *.Cu *.Mask)
      (net 35 /MISO))
  )

  (module SVastaCustomParts:SinglePad (layer B.Cu) (tedit 5FB9BE91) (tstamp 5FBA75C2)
    (at 319.943728 69.998995 270)
    (path /5FD45263)
    (fp_text reference GND (at 0 -5.08) (layer F.SilkS) hide
      (effects (font (size 1 1) (thickness 0.15)) (justify right))
    )
    (fp_text value Conn_01x01 (at 0 -2.33 90) (layer B.Fab)
      (effects (font (size 1 1) (thickness 0.15)) (justify mirror))
    )
    (fp_text user %R (at 0 0 180) (layer B.Fab)
      (effects (font (size 1 1) (thickness 0.15)) (justify mirror))
    )
    (pad 1 thru_hole circle (at 0 0 270) (size 1.7 1.7) (drill 1) (layers *.Cu *.Mask)
      (net 8 GND))
  )

  (module SVastaCustomParts:SinglePad (layer B.Cu) (tedit 5FB9BE91) (tstamp 5FBA75D7)
    (at 319.943728 67.458995 270)
    (path /5FD4525D)
    (fp_text reference VCC (at 0 -4.445 180) (layer B.SilkS) hide
      (effects (font (size 1 1) (thickness 0.15)) (justify left mirror))
    )
    (fp_text value Conn_01x01 (at 0 -2.33 90) (layer B.Fab)
      (effects (font (size 1 1) (thickness 0.15)) (justify mirror))
    )
    (fp_text user %R (at 0 0 180) (layer B.Fab)
      (effects (font (size 1 1) (thickness 0.15)) (justify mirror))
    )
    (pad 1 thru_hole circle (at 0 0 270) (size 1.7 1.7) (drill 1) (layers *.Cu *.Mask)
      (net 1 VCC))
  )

  (module Resistor_SMD:R_0805_2012Metric_Pad1.15x1.40mm_HandSolder (layer F.Cu) (tedit 5B36C52B) (tstamp 5FBA9EFC)
    (at 316.133728 55.393995 270)
    (descr "Resistor SMD 0805 (2012 Metric), square (rectangular) end terminal, IPC_7351 nominal with elongated pad for handsoldering. (Body size source: https://docs.google.com/spreadsheets/d/1BsfQQcO9C6DZCsRaXUlFlo91Tg2WpOkGARC1WS5S8t0/edit?usp=sharing), generated with kicad-footprint-generator")
    (tags "resistor handsolder")
    (path /5D7DE09C)
    (attr smd)
    (fp_text reference R103 (at 0 1.27 270) (layer F.SilkS)
      (effects (font (size 1 1) (thickness 0.15)))
    )
    (fp_text value 10K (at 0 1.65 270) (layer F.Fab)
      (effects (font (size 1 1) (thickness 0.15)))
    )
    (fp_text user %R (at 0 0 270) (layer F.Fab)
      (effects (font (size 0.5 0.5) (thickness 0.08)))
    )
    (fp_line (start 1.85 0.95) (end -1.85 0.95) (layer F.CrtYd) (width 0.05))
    (fp_line (start 1.85 -0.95) (end 1.85 0.95) (layer F.CrtYd) (width 0.05))
    (fp_line (start -1.85 -0.95) (end 1.85 -0.95) (layer F.CrtYd) (width 0.05))
    (fp_line (start -1.85 0.95) (end -1.85 -0.95) (layer F.CrtYd) (width 0.05))
    (fp_line (start -0.261252 0.71) (end 0.261252 0.71) (layer F.SilkS) (width 0.12))
    (fp_line (start -0.261252 -0.71) (end 0.261252 -0.71) (layer F.SilkS) (width 0.12))
    (fp_line (start 1 0.6) (end -1 0.6) (layer F.Fab) (width 0.1))
    (fp_line (start 1 -0.6) (end 1 0.6) (layer F.Fab) (width 0.1))
    (fp_line (start -1 -0.6) (end 1 -0.6) (layer F.Fab) (width 0.1))
    (fp_line (start -1 0.6) (end -1 -0.6) (layer F.Fab) (width 0.1))
    (pad 2 smd roundrect (at 1.025 0 270) (size 1.15 1.4) (layers F.Cu F.Paste F.Mask) (roundrect_rratio 0.217391)
      (net 4 /RST))
    (pad 1 smd roundrect (at -1.025 0 270) (size 1.15 1.4) (layers F.Cu F.Paste F.Mask) (roundrect_rratio 0.217391)
      (net 1 VCC))
    (model ${KISYS3DMOD}/Resistor_SMD.3dshapes/R_0805_2012Metric.wrl
      (at (xyz 0 0 0))
      (scale (xyz 1 1 1))
      (rotate (xyz 0 0 0))
    )
  )

  (module Connector_PinHeader_2.54mm:PinHeader_1x02_P2.54mm_Vertical (layer F.Cu) (tedit 59FED5CC) (tstamp 5FB9CDAD)
    (at 304.703728 52.218995)
    (descr "Through hole straight pin header, 1x02, 2.54mm pitch, single row")
    (tags "Through hole pin header THT 1x02 2.54mm single row")
    (path /5F1C218A)
    (fp_text reference J11 (at 0 -2.33) (layer F.SilkS) hide
      (effects (font (size 1 1) (thickness 0.15)))
    )
    (fp_text value TRRS_SJ1-42514 (at 0 4.87) (layer F.Fab)
      (effects (font (size 1 1) (thickness 0.15)))
    )
    (fp_text user %R (at 0 1.27 90) (layer F.Fab)
      (effects (font (size 1 1) (thickness 0.15)))
    )
    (fp_line (start 1.8 -1.8) (end -1.8 -1.8) (layer F.CrtYd) (width 0.05))
    (fp_line (start 1.8 4.35) (end 1.8 -1.8) (layer F.CrtYd) (width 0.05))
    (fp_line (start -1.8 4.35) (end 1.8 4.35) (layer F.CrtYd) (width 0.05))
    (fp_line (start -1.8 -1.8) (end -1.8 4.35) (layer F.CrtYd) (width 0.05))
    (fp_line (start -1.33 -1.33) (end 0 -1.33) (layer F.SilkS) (width 0.12))
    (fp_line (start -1.33 0) (end -1.33 -1.33) (layer F.SilkS) (width 0.12))
    (fp_line (start -1.33 1.27) (end 1.33 1.27) (layer F.SilkS) (width 0.12))
    (fp_line (start 1.33 1.27) (end 1.33 3.87) (layer F.SilkS) (width 0.12))
    (fp_line (start -1.33 1.27) (end -1.33 3.87) (layer F.SilkS) (width 0.12))
    (fp_line (start -1.33 3.87) (end 1.33 3.87) (layer F.SilkS) (width 0.12))
    (fp_line (start -1.27 -0.635) (end -0.635 -1.27) (layer F.Fab) (width 0.1))
    (fp_line (start -1.27 3.81) (end -1.27 -0.635) (layer F.Fab) (width 0.1))
    (fp_line (start 1.27 3.81) (end -1.27 3.81) (layer F.Fab) (width 0.1))
    (fp_line (start 1.27 -1.27) (end 1.27 3.81) (layer F.Fab) (width 0.1))
    (fp_line (start -0.635 -1.27) (end 1.27 -1.27) (layer F.Fab) (width 0.1))
    (pad 2 thru_hole oval (at 0 2.54) (size 1.7 1.7) (drill 1) (layers *.Cu *.Mask)
      (net 3 SDA))
    (pad 1 thru_hole rect (at 0 0) (size 1.7 1.7) (drill 1) (layers *.Cu *.Mask)
      (net 2 SCL))
    (model ${KISYS3DMOD}/Connector_PinHeader_2.54mm.3dshapes/PinHeader_1x02_P2.54mm_Vertical.wrl
      (at (xyz 0 0 0))
      (scale (xyz 1 1 1))
      (rotate (xyz 0 0 0))
    )
  )

  (module Keyboard_Parts:FA-238 (layer F.Cu) (tedit 5711E409) (tstamp 5FB80CA5)
    (at 311.051313 53.223957 135)
    (path /5DB4ECC5)
    (fp_text reference X1 (at 0 2.55 315) (layer F.SilkS)
      (effects (font (size 0.8 0.8) (thickness 0.15)))
    )
    (fp_text value XTAL_GND (at 0 -2.625 315) (layer F.SilkS) hide
      (effects (font (size 0.8 0.8) (thickness 0.15)))
    )
    (fp_line (start 2.375 1.875) (end -2.375 1.875) (layer F.SilkS) (width 0.2))
    (fp_line (start 2.375 -1.875) (end 2.375 1.875) (layer F.SilkS) (width 0.2))
    (fp_line (start -2.375 -1.875) (end 2.375 -1.875) (layer F.SilkS) (width 0.2))
    (fp_line (start -2.375 1.875) (end -2.375 -1.875) (layer F.SilkS) (width 0.2))
    (pad 3 smd rect (at 1.1 0.8 135) (size 1.4 1.2) (drill (offset 0.1 0.05)) (layers F.Cu F.Paste F.Mask)
      (net 8 GND) (clearance 0.2))
    (pad 1 smd rect (at -1.1 0.8 135) (size 1.4 1.2) (drill (offset -0.1 0.05)) (layers F.Cu F.Paste F.Mask)
      (net 16 "Net-(C108-Pad1)") (clearance 0.2))
    (pad 2 smd rect (at 1.1 -0.8 135) (size 1.4 1.2) (drill (offset 0.1 -0.05)) (layers F.Cu F.Paste F.Mask)
      (net 17 "Net-(C109-Pad1)") (clearance 0.2))
    (pad 3 smd rect (at -1.1 -0.8 135) (size 1.4 1.2) (drill (offset -0.1 -0.05)) (layers F.Cu F.Paste F.Mask)
      (net 8 GND) (clearance 0.2))
  )

  (module Capacitor_SMD:C_0805_2012Metric_Pad1.15x1.40mm_HandSolder (layer B.Cu) (tedit 5B36C52B) (tstamp 5FB81226)
    (at 311.053728 64.918995 270)
    (descr "Capacitor SMD 0805 (2012 Metric), square (rectangular) end terminal, IPC_7351 nominal with elongated pad for handsoldering. (Body size source: https://docs.google.com/spreadsheets/d/1BsfQQcO9C6DZCsRaXUlFlo91Tg2WpOkGARC1WS5S8t0/edit?usp=sharing), generated with kicad-footprint-generator")
    (tags "capacitor handsolder")
    (path /5D8090C3)
    (attr smd)
    (fp_text reference C101 (at 0 -1.905 90) (layer B.SilkS)
      (effects (font (size 1 1) (thickness 0.15)) (justify mirror))
    )
    (fp_text value 1uF (at 0 -1.65 90) (layer B.Fab)
      (effects (font (size 1 1) (thickness 0.15)) (justify mirror))
    )
    (fp_text user %R (at 0 0 90) (layer B.Fab)
      (effects (font (size 0.5 0.5) (thickness 0.08)) (justify mirror))
    )
    (fp_line (start -1 -0.6) (end -1 0.6) (layer B.Fab) (width 0.1))
    (fp_line (start -1 0.6) (end 1 0.6) (layer B.Fab) (width 0.1))
    (fp_line (start 1 0.6) (end 1 -0.6) (layer B.Fab) (width 0.1))
    (fp_line (start 1 -0.6) (end -1 -0.6) (layer B.Fab) (width 0.1))
    (fp_line (start -0.261252 0.71) (end 0.261252 0.71) (layer B.SilkS) (width 0.12))
    (fp_line (start -0.261252 -0.71) (end 0.261252 -0.71) (layer B.SilkS) (width 0.12))
    (fp_line (start -1.85 -0.95) (end -1.85 0.95) (layer B.CrtYd) (width 0.05))
    (fp_line (start -1.85 0.95) (end 1.85 0.95) (layer B.CrtYd) (width 0.05))
    (fp_line (start 1.85 0.95) (end 1.85 -0.95) (layer B.CrtYd) (width 0.05))
    (fp_line (start 1.85 -0.95) (end -1.85 -0.95) (layer B.CrtYd) (width 0.05))
    (pad 1 smd roundrect (at -1.025 0 270) (size 1.15 1.4) (layers B.Cu B.Paste B.Mask) (roundrect_rratio 0.217391)
      (net 15 "Net-(C101-Pad1)"))
    (pad 2 smd roundrect (at 1.025 0 270) (size 1.15 1.4) (layers B.Cu B.Paste B.Mask) (roundrect_rratio 0.217391)
      (net 8 GND))
    (model ${KISYS3DMOD}/Capacitor_SMD.3dshapes/C_0805_2012Metric.wrl
      (at (xyz 0 0 0))
      (scale (xyz 1 1 1))
      (rotate (xyz 0 0 0))
    )
  )

  (module SVastaCustomParts:ATMEGA32U4-AU_FixedMask (layer F.Cu) (tedit 5ED18AFA) (tstamp 5FBA6968)
    (at 311.051313 64.923957 180)
    (path /5D7C78E0)
    (solder_mask_margin 0.1)
    (attr smd)
    (fp_text reference U1 (at 0 0 90) (layer F.SilkS)
      (effects (font (size 1.4 1.4) (thickness 0.05)))
    )
    (fp_text value ATMEGA32U4 (at -2.55 8.1261 180) (layer F.SilkS) hide
      (effects (font (size 1.4 1.4) (thickness 0.05)))
    )
    (fp_line (start -7 7) (end -7 -7) (layer Dwgs.User) (width 0.05))
    (fp_line (start 7 7) (end -7 7) (layer Dwgs.User) (width 0.05))
    (fp_line (start 7 -7) (end 7 7) (layer Dwgs.User) (width 0.05))
    (fp_line (start -7 -7) (end 7 -7) (layer Dwgs.User) (width 0.05))
    (fp_circle (center -4 -4) (end -3.7173 -4) (layer F.SilkS) (width 0.254))
    (fp_line (start -4.8 4.8) (end -4.8 -4.8) (layer F.SilkS) (width 0.2032))
    (fp_line (start 4.8 4.8) (end -4.8 4.8) (layer F.SilkS) (width 0.2032))
    (fp_line (start 4.8 -4.8) (end 4.8 4.8) (layer F.SilkS) (width 0.2032))
    (fp_line (start -4.8 -4.8) (end 4.8 -4.8) (layer F.SilkS) (width 0.2032))
    (pad 44 smd rect (at -4 -5.9 180) (size 0.5 1.5) (layers F.Cu F.Paste F.Mask)
      (net 1 VCC) (solder_mask_margin 0.05))
    (pad 43 smd rect (at -3.2 -5.9 180) (size 0.5 1.5) (layers F.Cu F.Paste F.Mask)
      (net 8 GND) (solder_mask_margin 0.05))
    (pad 42 smd rect (at -2.4 -5.9 180) (size 0.5 1.5) (layers F.Cu F.Paste F.Mask)
      (net 1 VCC) (solder_mask_margin 0.05))
    (pad 41 smd rect (at -1.6 -5.9 180) (size 0.5 1.5) (layers F.Cu F.Paste F.Mask)
      (net 23 "Net-(U1-Pad41)") (solder_mask_margin 0.05))
    (pad 40 smd rect (at -0.8 -5.9 180) (size 0.5 1.5) (layers F.Cu F.Paste F.Mask)
      (net 24 "Net-(U1-Pad40)") (solder_mask_margin 0.05))
    (pad 39 smd rect (at 0 -5.9 180) (size 0.5 1.5) (layers F.Cu F.Paste F.Mask)
      (net 25 "Net-(U1-Pad39)") (solder_mask_margin 0.05))
    (pad 38 smd rect (at 0.8 -5.9 180) (size 0.5 1.5) (layers F.Cu F.Paste F.Mask)
      (net 26 "Net-(U1-Pad38)") (solder_mask_margin 0.05))
    (pad 37 smd rect (at 1.6 -5.9 180) (size 0.5 1.5) (layers F.Cu F.Paste F.Mask)
      (net 39 "Net-(U1-Pad37)") (solder_mask_margin 0.05))
    (pad 36 smd rect (at 2.4 -5.9 180) (size 0.5 1.5) (layers F.Cu F.Paste F.Mask)
      (net 40 "Net-(U1-Pad36)") (solder_mask_margin 0.05))
    (pad 35 smd rect (at 3.2 -5.9 180) (size 0.5 1.5) (layers F.Cu F.Paste F.Mask)
      (net 8 GND) (solder_mask_margin 0.05))
    (pad 34 smd rect (at 4 -5.9 180) (size 0.5 1.5) (layers F.Cu F.Paste F.Mask)
      (net 1 VCC) (solder_mask_margin 0.05))
    (pad 33 smd rect (at 5.9 -4 180) (size 1.5 0.5) (layers F.Cu F.Paste F.Mask)
      (net 22 "Net-(R108-Pad1)") (solder_mask_margin 0.05))
    (pad 32 smd rect (at 5.9 -3.2 180) (size 1.5 0.5) (layers F.Cu F.Paste F.Mask)
      (net 27 "Net-(U1-Pad32)") (solder_mask_margin 0.05))
    (pad 31 smd rect (at 5.9 -2.4 180) (size 1.5 0.5) (layers F.Cu F.Paste F.Mask)
      (net 28 "Net-(U1-Pad31)") (solder_mask_margin 0.05))
    (pad 30 smd rect (at 5.9 -1.6 180) (size 1.5 0.5) (layers F.Cu F.Paste F.Mask)
      (net 29 "Net-(U1-Pad30)") (solder_mask_margin 0.05))
    (pad 29 smd rect (at 5.9 -0.8 180) (size 1.5 0.5) (layers F.Cu F.Paste F.Mask)
      (net 30 "Net-(U1-Pad29)") (solder_mask_margin 0.05))
    (pad 28 smd rect (at 5.9 0 180) (size 1.5 0.5) (layers F.Cu F.Paste F.Mask)
      (net 31 "Net-(U1-Pad28)") (solder_mask_margin 0.05))
    (pad 27 smd rect (at 5.9 0.8 180) (size 1.5 0.5) (layers F.Cu F.Paste F.Mask)
      (net 32 "Net-(U1-Pad27)") (solder_mask_margin 0.05))
    (pad 26 smd rect (at 5.9 1.6 180) (size 1.5 0.5) (layers F.Cu F.Paste F.Mask)
      (net 12 "Net-(U1-Pad26)") (solder_mask_margin 0.05))
    (pad 25 smd rect (at 5.9 2.4 180) (size 1.5 0.5) (layers F.Cu F.Paste F.Mask)
      (net 11 "Net-(U1-Pad25)") (solder_mask_margin 0.05))
    (pad 24 smd rect (at 5.9 3.2 180) (size 1.5 0.5) (layers F.Cu F.Paste F.Mask)
      (net 1 VCC) (solder_mask_margin 0.05))
    (pad 23 smd rect (at 5.9 4 180) (size 1.5 0.5) (layers F.Cu F.Paste F.Mask)
      (net 8 GND) (solder_mask_margin 0.05))
    (pad 22 smd rect (at 4 5.9 180) (size 0.5 1.5) (layers F.Cu F.Paste F.Mask)
      (net 14 "Net-(U1-Pad22)") (solder_mask_margin 0.05))
    (pad 21 smd rect (at 3.2 5.9 180) (size 0.5 1.5) (layers F.Cu F.Paste F.Mask)
      (net 13 "Net-(U1-Pad21)") (solder_mask_margin 0.05))
    (pad 20 smd rect (at 2.4 5.9 180) (size 0.5 1.5) (layers F.Cu F.Paste F.Mask)
      (net 33 "Net-(U1-Pad20)") (solder_mask_margin 0.05))
    (pad 19 smd rect (at 1.6 5.9 180) (size 0.5 1.5) (layers F.Cu F.Paste F.Mask)
      (net 3 SDA) (solder_mask_margin 0.05))
    (pad 18 smd rect (at 0.8 5.9 180) (size 0.5 1.5) (layers F.Cu F.Paste F.Mask)
      (net 2 SCL) (solder_mask_margin 0.05))
    (pad 17 smd rect (at 0 5.9 180) (size 0.5 1.5) (layers F.Cu F.Paste F.Mask)
      (net 17 "Net-(C109-Pad1)") (solder_mask_margin 0.05))
    (pad 16 smd rect (at -0.8 5.9 180) (size 0.5 1.5) (layers F.Cu F.Paste F.Mask)
      (net 16 "Net-(C108-Pad1)") (solder_mask_margin 0.05))
    (pad 15 smd rect (at -1.6 5.9 180) (size 0.5 1.5) (layers F.Cu F.Paste F.Mask)
      (net 8 GND) (solder_mask_margin 0.05))
    (pad 14 smd rect (at -2.4 5.9 180) (size 0.5 1.5) (layers F.Cu F.Paste F.Mask)
      (net 1 VCC) (solder_mask_margin 0.05))
    (pad 13 smd rect (at -3.2 5.9 180) (size 0.5 1.5) (layers F.Cu F.Paste F.Mask)
      (net 4 /RST) (solder_mask_margin 0.05))
    (pad 12 smd rect (at -4 5.9 180) (size 0.5 1.5) (layers F.Cu F.Paste F.Mask)
      (net 37 /SS2) (solder_mask_margin 0.05))
    (pad 11 smd rect (at -5.9 4 180) (size 1.5 0.5) (layers F.Cu F.Paste F.Mask)
      (net 35 /MISO) (solder_mask_margin 0.05))
    (pad 10 smd rect (at -5.9 3.2 180) (size 1.5 0.5) (layers F.Cu F.Paste F.Mask)
      (net 36 /MOSI) (solder_mask_margin 0.05))
    (pad 9 smd rect (at -5.9 2.4 180) (size 1.5 0.5) (layers F.Cu F.Paste F.Mask)
      (net 34 /SCK) (solder_mask_margin 0.05))
    (pad 8 smd rect (at -5.9 1.6 180) (size 1.5 0.5) (layers F.Cu F.Paste F.Mask)
      (net 38 /SS1) (solder_mask_margin 0.05))
    (pad 7 smd rect (at -5.9 0.8 180) (size 1.5 0.5) (layers F.Cu F.Paste F.Mask)
      (net 1 VCC) (solder_mask_margin 0.05))
    (pad 6 smd rect (at -5.9 0 180) (size 1.5 0.5) (layers F.Cu F.Paste F.Mask)
      (net 15 "Net-(C101-Pad1)") (solder_mask_margin 0.05))
    (pad 5 smd rect (at -5.9 -0.8 180) (size 1.5 0.5) (layers F.Cu F.Paste F.Mask)
      (net 8 GND) (solder_mask_margin 0.05))
    (pad 4 smd rect (at -5.9 -1.6 180) (size 1.5 0.5) (layers F.Cu F.Paste F.Mask)
      (net 21 "Net-(R105-Pad1)") (solder_mask_margin 0.05))
    (pad 3 smd rect (at -5.9 -2.4 180) (size 1.5 0.5) (layers F.Cu F.Paste F.Mask)
      (net 20 "Net-(R104-Pad1)") (solder_mask_margin 0.05))
    (pad 2 smd rect (at -5.9 -3.2 180) (size 1.5 0.5) (layers F.Cu F.Paste F.Mask)
      (net 1 VCC) (solder_mask_margin 0.05))
    (pad 1 smd rect (at -5.9 -4 180) (size 1.5 0.5) (layers F.Cu F.Paste F.Mask)
      (net 5 "Net-(U1-Pad1)") (solder_mask_margin 0.05))
  )

  (module Capacitor_SMD:C_0805_2012Metric_Pad1.15x1.40mm_HandSolder (layer B.Cu) (tedit 5B36C52B) (tstamp 5FB8102E)
    (at 305.973728 71.268995 180)
    (descr "Capacitor SMD 0805 (2012 Metric), square (rectangular) end terminal, IPC_7351 nominal with elongated pad for handsoldering. (Body size source: https://docs.google.com/spreadsheets/d/1BsfQQcO9C6DZCsRaXUlFlo91Tg2WpOkGARC1WS5S8t0/edit?usp=sharing), generated with kicad-footprint-generator")
    (tags "capacitor handsolder")
    (path /5D7D4534)
    (attr smd)
    (fp_text reference C104 (at 0 -1.778 180) (layer B.SilkS)
      (effects (font (size 1 1) (thickness 0.15)) (justify mirror))
    )
    (fp_text value 0.1uF (at 0 -1.65 180) (layer B.Fab)
      (effects (font (size 1 1) (thickness 0.15)) (justify mirror))
    )
    (fp_line (start 1.85 -0.95) (end -1.85 -0.95) (layer B.CrtYd) (width 0.05))
    (fp_line (start 1.85 0.95) (end 1.85 -0.95) (layer B.CrtYd) (width 0.05))
    (fp_line (start -1.85 0.95) (end 1.85 0.95) (layer B.CrtYd) (width 0.05))
    (fp_line (start -1.85 -0.95) (end -1.85 0.95) (layer B.CrtYd) (width 0.05))
    (fp_line (start -0.261252 -0.71) (end 0.261252 -0.71) (layer B.SilkS) (width 0.12))
    (fp_line (start -0.261252 0.71) (end 0.261252 0.71) (layer B.SilkS) (width 0.12))
    (fp_line (start 1 -0.6) (end -1 -0.6) (layer B.Fab) (width 0.1))
    (fp_line (start 1 0.6) (end 1 -0.6) (layer B.Fab) (width 0.1))
    (fp_line (start -1 0.6) (end 1 0.6) (layer B.Fab) (width 0.1))
    (fp_line (start -1 -0.6) (end -1 0.6) (layer B.Fab) (width 0.1))
    (fp_text user %R (at 0 0 180) (layer B.Fab)
      (effects (font (size 0.5 0.5) (thickness 0.08)) (justify mirror))
    )
    (pad 2 smd roundrect (at 1.025 0 180) (size 1.15 1.4) (layers B.Cu B.Paste B.Mask) (roundrect_rratio 0.217391)
      (net 8 GND))
    (pad 1 smd roundrect (at -1.025 0 180) (size 1.15 1.4) (layers B.Cu B.Paste B.Mask) (roundrect_rratio 0.217391)
      (net 1 VCC))
    (model ${KISYS3DMOD}/Capacitor_SMD.3dshapes/C_0805_2012Metric.wrl
      (at (xyz 0 0 0))
      (scale (xyz 1 1 1))
      (rotate (xyz 0 0 0))
    )
  )

  (module Resistor_SMD:R_0805_2012Metric_Pad1.15x1.40mm_HandSolder (layer B.Cu) (tedit 5B36C52B) (tstamp 5F618BF1)
    (at 305.973728 49.678995)
    (descr "Resistor SMD 0805 (2012 Metric), square (rectangular) end terminal, IPC_7351 nominal with elongated pad for handsoldering. (Body size source: https://docs.google.com/spreadsheets/d/1BsfQQcO9C6DZCsRaXUlFlo91Tg2WpOkGARC1WS5S8t0/edit?usp=sharing), generated with kicad-footprint-generator")
    (tags "resistor handsolder")
    (path /5D877CA8)
    (attr smd)
    (fp_text reference R107 (at 3.81 0 180) (layer B.SilkS)
      (effects (font (size 1 1) (thickness 0.15)) (justify mirror))
    )
    (fp_text value 4.7K (at 0 -1.65 180) (layer B.Fab)
      (effects (font (size 1 1) (thickness 0.15)) (justify mirror))
    )
    (fp_line (start 1.85 -0.95) (end -1.85 -0.95) (layer B.CrtYd) (width 0.05))
    (fp_line (start 1.85 0.95) (end 1.85 -0.95) (layer B.CrtYd) (width 0.05))
    (fp_line (start -1.85 0.95) (end 1.85 0.95) (layer B.CrtYd) (width 0.05))
    (fp_line (start -1.85 -0.95) (end -1.85 0.95) (layer B.CrtYd) (width 0.05))
    (fp_line (start -0.261252 -0.71) (end 0.261252 -0.71) (layer B.SilkS) (width 0.12))
    (fp_line (start -0.261252 0.71) (end 0.261252 0.71) (layer B.SilkS) (width 0.12))
    (fp_line (start 1 -0.6) (end -1 -0.6) (layer B.Fab) (width 0.1))
    (fp_line (start 1 0.6) (end 1 -0.6) (layer B.Fab) (width 0.1))
    (fp_line (start -1 0.6) (end 1 0.6) (layer B.Fab) (width 0.1))
    (fp_line (start -1 -0.6) (end -1 0.6) (layer B.Fab) (width 0.1))
    (fp_text user %R (at 0 0 180) (layer B.Fab)
      (effects (font (size 0.5 0.5) (thickness 0.08)) (justify mirror))
    )
    (pad 2 smd roundrect (at 1.025 0) (size 1.15 1.4) (layers B.Cu B.Paste B.Mask) (roundrect_rratio 0.217391)
      (net 1 VCC))
    (pad 1 smd roundrect (at -1.025 0) (size 1.15 1.4) (layers B.Cu B.Paste B.Mask) (roundrect_rratio 0.217391)
      (net 2 SCL))
    (model ${KISYS3DMOD}/Resistor_SMD.3dshapes/R_0805_2012Metric.wrl
      (at (xyz 0 0 0))
      (scale (xyz 1 1 1))
      (rotate (xyz 0 0 0))
    )
  )

  (module Resistor_SMD:R_0805_2012Metric_Pad1.15x1.40mm_HandSolder (layer F.Cu) (tedit 5B36C52B) (tstamp 5FBA9ACE)
    (at 316.133728 50.948995 90)
    (descr "Resistor SMD 0805 (2012 Metric), square (rectangular) end terminal, IPC_7351 nominal with elongated pad for handsoldering. (Body size source: https://docs.google.com/spreadsheets/d/1BsfQQcO9C6DZCsRaXUlFlo91Tg2WpOkGARC1WS5S8t0/edit?usp=sharing), generated with kicad-footprint-generator")
    (tags "resistor handsolder")
    (path /5D7ED2C3)
    (attr smd)
    (fp_text reference R101 (at 0 -1.27 90) (layer F.SilkS)
      (effects (font (size 1 1) (thickness 0.15)))
    )
    (fp_text value 5.1K (at 0 1.65 90) (layer F.Fab)
      (effects (font (size 1 1) (thickness 0.15)))
    )
    (fp_line (start -1 0.6) (end -1 -0.6) (layer F.Fab) (width 0.1))
    (fp_line (start -1 -0.6) (end 1 -0.6) (layer F.Fab) (width 0.1))
    (fp_line (start 1 -0.6) (end 1 0.6) (layer F.Fab) (width 0.1))
    (fp_line (start 1 0.6) (end -1 0.6) (layer F.Fab) (width 0.1))
    (fp_line (start -0.261252 -0.71) (end 0.261252 -0.71) (layer F.SilkS) (width 0.12))
    (fp_line (start -0.261252 0.71) (end 0.261252 0.71) (layer F.SilkS) (width 0.12))
    (fp_line (start -1.85 0.95) (end -1.85 -0.95) (layer F.CrtYd) (width 0.05))
    (fp_line (start -1.85 -0.95) (end 1.85 -0.95) (layer F.CrtYd) (width 0.05))
    (fp_line (start 1.85 -0.95) (end 1.85 0.95) (layer F.CrtYd) (width 0.05))
    (fp_line (start 1.85 0.95) (end -1.85 0.95) (layer F.CrtYd) (width 0.05))
    (fp_text user %R (at 0 0 90) (layer F.Fab)
      (effects (font (size 0.5 0.5) (thickness 0.08)))
    )
    (pad 1 smd roundrect (at -1.025 0 90) (size 1.15 1.4) (layers F.Cu F.Paste F.Mask) (roundrect_rratio 0.217391)
      (net 8 GND))
    (pad 2 smd roundrect (at 1.025 0 90) (size 1.15 1.4) (layers F.Cu F.Paste F.Mask) (roundrect_rratio 0.217391)
      (net 18 "Net-(R101-Pad2)"))
    (model ${KISYS3DMOD}/Resistor_SMD.3dshapes/R_0805_2012Metric.wrl
      (at (xyz 0 0 0))
      (scale (xyz 1 1 1))
      (rotate (xyz 0 0 0))
    )
  )

  (module Resistor_SMD:R_0805_2012Metric_Pad1.15x1.40mm_HandSolder (layer F.Cu) (tedit 5B36C52B) (tstamp 5FB888D1)
    (at 304.548554 46.024949 90)
    (descr "Resistor SMD 0805 (2012 Metric), square (rectangular) end terminal, IPC_7351 nominal with elongated pad for handsoldering. (Body size source: https://docs.google.com/spreadsheets/d/1BsfQQcO9C6DZCsRaXUlFlo91Tg2WpOkGARC1WS5S8t0/edit?usp=sharing), generated with kicad-footprint-generator")
    (tags "resistor handsolder")
    (path /5D7EE50A)
    (attr smd)
    (fp_text reference R102 (at 3.965954 0.155174 270) (layer F.SilkS)
      (effects (font (size 1 1) (thickness 0.15)))
    )
    (fp_text value 5.1K (at 0 1.65 270) (layer F.Fab)
      (effects (font (size 1 1) (thickness 0.15)))
    )
    (fp_line (start 1.85 0.95) (end -1.85 0.95) (layer F.CrtYd) (width 0.05))
    (fp_line (start 1.85 -0.95) (end 1.85 0.95) (layer F.CrtYd) (width 0.05))
    (fp_line (start -1.85 -0.95) (end 1.85 -0.95) (layer F.CrtYd) (width 0.05))
    (fp_line (start -1.85 0.95) (end -1.85 -0.95) (layer F.CrtYd) (width 0.05))
    (fp_line (start -0.261252 0.71) (end 0.261252 0.71) (layer F.SilkS) (width 0.12))
    (fp_line (start -0.261252 -0.71) (end 0.261252 -0.71) (layer F.SilkS) (width 0.12))
    (fp_line (start 1 0.6) (end -1 0.6) (layer F.Fab) (width 0.1))
    (fp_line (start 1 -0.6) (end 1 0.6) (layer F.Fab) (width 0.1))
    (fp_line (start -1 -0.6) (end 1 -0.6) (layer F.Fab) (width 0.1))
    (fp_line (start -1 0.6) (end -1 -0.6) (layer F.Fab) (width 0.1))
    (fp_text user %R (at 0 0 270) (layer F.Fab)
      (effects (font (size 0.5 0.5) (thickness 0.08)))
    )
    (pad 2 smd roundrect (at 1.025 0 90) (size 1.15 1.4) (layers F.Cu F.Paste F.Mask) (roundrect_rratio 0.217391)
      (net 19 "Net-(R102-Pad2)"))
    (pad 1 smd roundrect (at -1.025 0 90) (size 1.15 1.4) (layers F.Cu F.Paste F.Mask) (roundrect_rratio 0.217391)
      (net 8 GND))
    (model ${KISYS3DMOD}/Resistor_SMD.3dshapes/R_0805_2012Metric.wrl
      (at (xyz 0 0 0))
      (scale (xyz 1 1 1))
      (rotate (xyz 0 0 0))
    )
  )

  (module Connector_USB:USB_C_Receptacle_GCT_USB4085 (layer F.Cu) (tedit 5BCCCD93) (tstamp 5FB88B08)
    (at 314.073553 47.92995 180)
    (descr "USB 2.0 Type C Receptacle, https://gct.co/Files/Drawings/USB4085.pdf")
    (tags "USB Type-C Receptacle Through-hole Right angle")
    (path /5D7E9B63)
    (fp_text reference USB1 (at 2.975 4.0925) (layer F.SilkS)
      (effects (font (size 1 1) (thickness 0.15)))
    )
    (fp_text value USB_C_Receptacle_USB2.0 (at 2.975 9.925) (layer F.Fab)
      (effects (font (size 1 1) (thickness 0.15)))
    )
    (fp_line (start -0.025 6.1) (end 5.975 6.1) (layer F.Fab) (width 0.1))
    (fp_line (start 8.25 -1.06) (end 8.25 9.11) (layer F.CrtYd) (width 0.05))
    (fp_line (start -2.3 -1.06) (end 8.25 -1.06) (layer F.CrtYd) (width 0.05))
    (fp_line (start -2.3 9.11) (end 8.25 9.11) (layer F.CrtYd) (width 0.05))
    (fp_line (start -2.3 -1.06) (end -2.3 9.11) (layer F.CrtYd) (width 0.05))
    (fp_line (start -1.62 2.4) (end -1.62 3.3) (layer F.SilkS) (width 0.12))
    (fp_line (start 7.57 2.4) (end 7.57 3.3) (layer F.SilkS) (width 0.12))
    (fp_line (start -1.62 6) (end -1.62 8.73) (layer F.SilkS) (width 0.12))
    (fp_line (start 7.57 6) (end 7.57 8.73) (layer F.SilkS) (width 0.12))
    (fp_line (start 7.45 -0.56) (end 7.45 8.61) (layer F.Fab) (width 0.1))
    (fp_line (start -1.5 -0.56) (end -1.5 8.61) (layer F.Fab) (width 0.1))
    (fp_line (start -1.5 -0.68) (end 7.45 -0.68) (layer F.SilkS) (width 0.12))
    (fp_line (start -1.62 8.73) (end 7.57 8.73) (layer F.SilkS) (width 0.12))
    (fp_line (start -1.5 8.61) (end 7.45 8.61) (layer F.Fab) (width 0.1))
    (fp_line (start -1.5 -0.56) (end 7.45 -0.56) (layer F.Fab) (width 0.1))
    (fp_text user %R (at 2.975 4.025) (layer F.Fab)
      (effects (font (size 1 1) (thickness 0.15)))
    )
    (fp_text user "PCB Edge" (at 2.975 6.1) (layer Dwgs.User)
      (effects (font (size 0.5 0.5) (thickness 0.1)))
    )
    (pad S1 thru_hole oval (at 7.3 4.36 180) (size 0.9 1.7) (drill oval 0.6 1.4) (layers *.Cu *.Mask)
      (net 8 GND))
    (pad S1 thru_hole oval (at -1.35 4.36 180) (size 0.9 1.7) (drill oval 0.6 1.4) (layers *.Cu *.Mask)
      (net 8 GND))
    (pad S1 thru_hole oval (at 7.3 0.98 180) (size 0.9 2.4) (drill oval 0.6 2.1) (layers *.Cu *.Mask)
      (net 8 GND))
    (pad S1 thru_hole oval (at -1.35 0.98 180) (size 0.9 2.4) (drill oval 0.6 2.1) (layers *.Cu *.Mask)
      (net 8 GND))
    (pad B6 thru_hole circle (at 3.4 1.35 180) (size 0.7 0.7) (drill 0.4) (layers *.Cu *.Mask)
      (net 6 /UsbD+))
    (pad B1 thru_hole circle (at 5.95 1.35 180) (size 0.7 0.7) (drill 0.4) (layers *.Cu *.Mask)
      (net 8 GND))
    (pad B4 thru_hole circle (at 5.1 1.35 180) (size 0.7 0.7) (drill 0.4) (layers *.Cu *.Mask)
      (net 1 VCC))
    (pad B5 thru_hole circle (at 4.25 1.35 180) (size 0.7 0.7) (drill 0.4) (layers *.Cu *.Mask)
      (net 19 "Net-(R102-Pad2)"))
    (pad B12 thru_hole circle (at 0 1.35 180) (size 0.7 0.7) (drill 0.4) (layers *.Cu *.Mask)
      (net 8 GND))
    (pad B8 thru_hole circle (at 1.7 1.35 180) (size 0.7 0.7) (drill 0.4) (layers *.Cu *.Mask)
      (net 9 "Net-(USB1-PadB8)"))
    (pad B7 thru_hole circle (at 2.55 1.35 180) (size 0.7 0.7) (drill 0.4) (layers *.Cu *.Mask)
      (net 7 /UsbD-))
    (pad B9 thru_hole circle (at 0.85 1.35 180) (size 0.7 0.7) (drill 0.4) (layers *.Cu *.Mask)
      (net 1 VCC))
    (pad A12 thru_hole circle (at 5.95 0 180) (size 0.7 0.7) (drill 0.4) (layers *.Cu *.Mask)
      (net 8 GND))
    (pad A9 thru_hole circle (at 5.1 0 180) (size 0.7 0.7) (drill 0.4) (layers *.Cu *.Mask)
      (net 1 VCC))
    (pad A8 thru_hole circle (at 4.25 0 180) (size 0.7 0.7) (drill 0.4) (layers *.Cu *.Mask)
      (net 10 "Net-(USB1-PadA8)"))
    (pad A7 thru_hole circle (at 3.4 0 180) (size 0.7 0.7) (drill 0.4) (layers *.Cu *.Mask)
      (net 7 /UsbD-))
    (pad A6 thru_hole circle (at 2.55 0 180) (size 0.7 0.7) (drill 0.4) (layers *.Cu *.Mask)
      (net 6 /UsbD+))
    (pad A5 thru_hole circle (at 1.7 0 180) (size 0.7 0.7) (drill 0.4) (layers *.Cu *.Mask)
      (net 18 "Net-(R101-Pad2)"))
    (pad A4 thru_hole circle (at 0.85 0 180) (size 0.7 0.7) (drill 0.4) (layers *.Cu *.Mask)
      (net 1 VCC))
    (pad A1 thru_hole circle (at 0 0 180) (size 0.7 0.7) (drill 0.4) (layers *.Cu *.Mask)
      (net 8 GND))
    (model ${KISYS3DMOD}/Connector_USB.3dshapes/USB_C_Receptacle_GCT_USB4085.wrl
      (at (xyz 0 0 0))
      (scale (xyz 1 1 1))
      (rotate (xyz 0 0 0))
    )
  )

  (module Resistor_SMD:R_0805_2012Metric_Pad1.15x1.40mm_HandSolder (layer B.Cu) (tedit 5B36C52B) (tstamp 5FB80CCB)
    (at 308.513728 67.458995 90)
    (descr "Resistor SMD 0805 (2012 Metric), square (rectangular) end terminal, IPC_7351 nominal with elongated pad for handsoldering. (Body size source: https://docs.google.com/spreadsheets/d/1BsfQQcO9C6DZCsRaXUlFlo91Tg2WpOkGARC1WS5S8t0/edit?usp=sharing), generated with kicad-footprint-generator")
    (tags "resistor handsolder")
    (path /5D7E4DB9)
    (attr smd)
    (fp_text reference R108 (at 0 -1.905 270) (layer B.SilkS)
      (effects (font (size 1 1) (thickness 0.15)) (justify mirror))
    )
    (fp_text value 10K (at 0 -1.65 270) (layer B.Fab)
      (effects (font (size 1 1) (thickness 0.15)) (justify mirror))
    )
    (fp_line (start 1.85 -0.95) (end -1.85 -0.95) (layer B.CrtYd) (width 0.05))
    (fp_line (start 1.85 0.95) (end 1.85 -0.95) (layer B.CrtYd) (width 0.05))
    (fp_line (start -1.85 0.95) (end 1.85 0.95) (layer B.CrtYd) (width 0.05))
    (fp_line (start -1.85 -0.95) (end -1.85 0.95) (layer B.CrtYd) (width 0.05))
    (fp_line (start -0.261252 -0.71) (end 0.261252 -0.71) (layer B.SilkS) (width 0.12))
    (fp_line (start -0.261252 0.71) (end 0.261252 0.71) (layer B.SilkS) (width 0.12))
    (fp_line (start 1 -0.6) (end -1 -0.6) (layer B.Fab) (width 0.1))
    (fp_line (start 1 0.6) (end 1 -0.6) (layer B.Fab) (width 0.1))
    (fp_line (start -1 0.6) (end 1 0.6) (layer B.Fab) (width 0.1))
    (fp_line (start -1 -0.6) (end -1 0.6) (layer B.Fab) (width 0.1))
    (fp_text user %R (at 0 0 270) (layer B.Fab)
      (effects (font (size 0.5 0.5) (thickness 0.08)) (justify mirror))
    )
    (pad 2 smd roundrect (at 1.025 0 90) (size 1.15 1.4) (layers B.Cu B.Paste B.Mask) (roundrect_rratio 0.217391)
      (net 8 GND))
    (pad 1 smd roundrect (at -1.025 0 90) (size 1.15 1.4) (layers B.Cu B.Paste B.Mask) (roundrect_rratio 0.217391)
      (net 22 "Net-(R108-Pad1)"))
    (model ${KISYS3DMOD}/Resistor_SMD.3dshapes/R_0805_2012Metric.wrl
      (at (xyz 0 0 0))
      (scale (xyz 1 1 1))
